000000001000000000000000000000000000000000000000111011100000
011000100010000000000000000000000000000000000000111011100000
011001000001000000000000000000000000000000000000111011100000
000000100010000000000000000000000000000000000000111011100000
000000100010000000000000000000000000000000000000111011100000
000000010100010000000000000000000000000000000000111011100000
000000001000101000000000000000000000000000000000111011100000
000000001000010000000000000000000000000000000000111011100000
000000001000000000000000000000000000000000000000111011100000
000000001000000000000000000000000000000000000000111011100000
000000000000000000000000000000000000000000000000111011100000
000000000000000000000000000000000000000000000000111011100000
000000000000000000000000000000000000000000000000111011100000
000000000000000000000000000000000000000000000000111011100000
000000000000000000000000000000000000000000000000111011100000
000000000000000000000000000000000000000000000000111011100000
000000000000000000000000000000000000000000000000111011100000
000000000000000000000000000000000000000000000000111011100000
011000000000000000000001100000000000000000000000111011100000
011000000000000000000001100000000000000000000000111011100000
